intrinsic:
930.341955886415 0.0 648.0183537446869 
0.0 930.5805550120139 290.36865973335233 
0.0 0.0 1.0 
distortion:
-0.36443842089447703 -0.05530485165361478 -0.00034125504998247736 -0.002983104102237888 0.29879254754935347 
