intrinsic:
943.6588250792241 0.0 623.3094053988852 
0.0 944.7582773926232 323.24477374721727 
0.0 0.0 1.0 
distortion:
-0.38728485194741946 0.3996021415851254 -0.0012037613841907582 -0.00015820390473375868 -1.7411292770266735 
