intrinsic:
1414.5599681605859 0.0 661.9184712492446 
0.0 1415.092715418887 356.71834838654115 
0.0 0.0 1.0 
distortion:
0.026851639248233188 0.8845512648316214 -0.0013343267235315847 0.002437093786509793 -3.1614621250380326 
