intrinsic:
943.274122180097 0.0 641.0753456327002 
0.0 944.9354907517334 282.7965184571264 
0.0 0.0 1.0 
distortion:
-0.3876227005563079 0.03228290544518699 -5.9310174952325826e-05 -0.002396907787300784 0.31603126919589497 
