intrinsic:
1372.6042533743428 0.0 643.6505990930045 
0.0 1374.8084150237326 378.771017605574 
0.0 0.0 1.0 
distortion:
-0.011813060177365527 1.245652542258617 -0.002624043279649804 -0.0022153133753231584 -4.9983057505825075 
