intrinsic:
940.3413777478943 0.0 618.2875405342213 
0.0 940.3877353309903 309.8559746733382 
0.0 0.0 1.0 
distortion:
-0.39880058125677564 0.1111602370973301 0.0017354045509593039 -0.0004973740746864764 0.07599005117162583 
